                                       4
                                       7
                                      18
                                      27
                                      35
                                      47
                                      63
                                      64
                                     111
                                     201
                                     256
                                     498
                                     928
                                    1050
                                    2783
                                   10110
                                   73829
                                  100000
                                  117277
                                  892392
                                 9827342
                                12348456
                                84038086
                               539294031
                              1003723700
                              1503723700
                              2118829934
